# callgrind format
version: 1
creator: callgrind-3.13.0
pid: 6826
cmd:  ./bigger -j /home/ricardoribeiro/Open-Chemera/profile_aux_scripts/jobFiles/CCdummyJobT512P216R6000O1000.xml
part: 1


desc: I1 cache: 
desc: D1 cache: 
desc: LL cache: 

desc: Timerange: Basic block 0 - 10850
desc: Trigger: Program termination

positions: line
events: Ir
summary: 38125


ob=(1) /lib/x86_64-linux-gnu/ld-2.27.so
fl=(31) /build/glibc-OTsEL5/glibc-2.27/elf/dl-debug.c
fn=(92) _dl_debug_initialize
49 4
+5 2
+5 2
-1 1
+1 2
+1 2
-1 1
+5 1
-14 2
+4 4
+4 1
-1 1
+1 2

fn=(96) _dl_debug_state
74 1

fl=(33) /build/glibc-OTsEL5/glibc-2.27/string/../sysdeps/x86_64/strcspn.S
fn=(100) strcspn
30 1
+7 1
+1 1
+2 1
+1 1
+1 1
+1 1
+1 33
+3 2
+7 1
+1 1
+1 1
+1 1
+2 1
+1 1
+1 1
+1 1
+2 1
+1 1
+1 1
+9 3
+12 1
+2 1
+1 1
+1 1
-4 11
+2 11
+1 11
+1 11
+2 12
+1 12
+1 12
+2 12
+1 12
+1 12
+2 12
+1 12
+1 12
+2 1
+1 1
+1 1
+2 1
+7 1
+4 1

fl=(44) /build/glibc-OTsEL5/glibc-2.27/misc/../sysdeps/unix/syscall-template.S
fn=(136) mprotect
78 4
+1 1

fl=(28) /build/glibc-OTsEL5/glibc-2.27/string/../sysdeps/x86_64/multiarch/memset-vec-unaligned-erms.S
fn=(76) memset
109 25
+2 5
+1 5
+1 4
+1 4
+2 4
+1 4
+2 4
222 1
+1 1
+1 1
+28 1
+1 1
+2 1

fl=(21) /build/glibc-OTsEL5/glibc-2.27/string/../sysdeps/x86_64/strcmp.S
fn=(56) strcmp
144 16
+1 16
+2 16
+1 16
+21 16
+1 16
+1 16
+1 16
+1 16
+1 16
+1 16
+1 16
+21 16
+1 16
+1 16
+1 16
+1 16
+1 16
+1 16
2211 16
+6 16
+1 16
+8 16
+1 16

fl=(35) /build/glibc-OTsEL5/glibc-2.27/setjmp/../sysdeps/x86_64/setjmp.S
fn=(110) __sigsetjmp
26 2
+9 2
+1 4
+1 2
+4 2
+1 2
+1 2
+1 2
+1 2
+2 4
+2 2
+1 2
+1 2
+2 4
+2 2
+4 2
+1 2

fl=(48) /build/glibc-OTsEL5/glibc-2.27/elf/dl-deps.c
fn=(148) openaux
60 2
+7 1
-4 3
+1 1
-1 1
+1 1
-1 5
cfi=(24) /build/glibc-OTsEL5/glibc-2.27/elf/dl-load.c
cfn=(114) _dl_map_object
calls=1 2080 
* 8615

fn=(146) _dl_map_object_deps
159 1
-1 1
+1 1
-1 5
+1 1
-1 2
+1 1
-1 2
+1 1
-1 1
+1 1
-8 1
+8 2
-8 1
-6 1
+14 1
-8 1
+24 1
-32 1
+1 1
+1 1
+6 1
+24 2
-28 2
-2 1
+31 1
-33 3
+2 2
-1 1
+1 2
+6 3
+24 1
-24 1
+24 7
+4 1
+19 1
+2 2
-14 1
-1 1
+13 5
+11 1
+4 4
+12 3
+2 1
+8 1
-8 1
+6 1
-6 1
+6 1
+1 1
+4 1
-3 1
-3 1
+2 1
+4 4
+66 1
-98 1
+98 1
-66 2
+7 5
cfi=(29) /build/glibc-OTsEL5/glibc-2.27/string/../sysdeps/x86_64/multiarch/../strchr.S
cfn=(84) index
calls=1 24 
* 47
* 2
+4 3
-2 1
+2 1
cfi=(34) /build/glibc-OTsEL5/glibc-2.27/elf/dl-error-skeleton.c
cfn=(108) _dl_catch_exception
calls=1 -74 
* 8679
* 1
+1 2
-11 2
+13 6
460 3
+4 4
+11 3
-1 1
cfi=(19) /build/glibc-OTsEL5/glibc-2.27/elf/dl-minimal.c
cfn=(46) malloc
calls=1 50 
* 18
* 1
+3 1
-3 1
+3 4
+5 1
+1 1
-1 1
+3 2
-3 4
+9 2
+4 3
-10 3
-3 1
+9 2
+4 3
-10 3
+13 2
+51 2
+2 1
-1 1
+1 2
+35 7
cfi=(20) /build/glibc-OTsEL5/glibc-2.27/string/../sysdeps/x86_64/multiarch/memmove-vec-unaligned-erms.S
cfn=(48) memcpy
calls=1 129 
* 10
+4 5
cfi=(54) /build/glibc-OTsEL5/glibc-2.27/elf/dl-sort-maps.c
cfn=(170) _dl_sort_maps
calls=1 28 
* 19
+3 1
+3 1
-1 1
+2 4
+7 3
+3 2
214 4
608 6
cfi=(34)
cfn=(174) _dl_signal_exception
calls=1 91 
* 848
* 1

fl=(13) /build/glibc-OTsEL5/glibc-2.27/string/../sysdeps/x86_64/multiarch/../strlen.S
fn=(28) strlen
79 19
+1 19
+1 19
+1 19
+1 19
+1 19
+1 19
+2 19
+2 19
+31 19
+1 19
+1 19
+1 19
+1 19
+1 9
+2 9
+4 10
+1 10
+1 10
+1 10
+1 10
+1 10
+1 10
+1 10
+1 10
+1 10
+1 10
+1 10
+5 80

fl=(14) /build/glibc-OTsEL5/glibc-2.27/elf/../misc/sbrk.c
fn=(30) sbrk
32 4
+8 6
+4 2
+16 5

fl=(42) /build/glibc-OTsEL5/glibc-2.27/misc/../sysdeps/unix/sysv/linux/mmap64.c
fn=(132) mmap
44 6
+3 3
-6 36
+6 3
+5 30
+2 21
-7 6

fl=(8) /build/glibc-OTsEL5/glibc-2.27/elf/../sysdeps/x86/cpu-features.c
fn=(24) get_common_indeces.constprop.1
34 2
+4 4
+3 3
+4 1
-4 1
+4 1
-4 1
+3 1
+1 2
+1 4
+1 4
+1 3
+1 2
+7 2
+1 7
+7 3
+4 2
+2 4
+40 2
+4 4
+1 2
+3 1
+7 1
-8 1
+4 1
+2 1
-2 1
+4 2
+3 2
+50 3
74 2
+3 3
+3 1
-3 1
+3 1
+2 3
+2 2
+7 3
-5 3

fl=(23) /build/glibc-OTsEL5/glibc-2.27/posix/../sysdeps/unix/syscall-template.S
fn=(64) uname
78 4
+1 1

fl=(34)
fn=(108)
175 4
+15 2
-3 4
+4 2
-3 2
-13 2
+19 2
-3 2
+3 2
-19 2
+13 2
+2 2
+4 2
cfi=(35)
cfn=(110)
calls=2 26 
* 40
* 8
+2 6
cfi=(48)
cfn=(148)
calls=1 60 
* 8629
cfi=(2) /build/glibc-OTsEL5/glibc-2.27/elf/rtld.c
cfn=(112) map_doit
calls=1 588 
* 2091
+2 1
-1 1
+1 2
-1 1
+1 1
+9 4
-2 1
+1 1
-1 1
+2 4

fn=(174)
91 1
+1 1
+1 2
+9 3
cfn=(176) fatal_error
calls=1 -26 
* 841

fn=(164) _dl_signal_error
109 2
+4 1
-4 2
+1 1
+3 2
+2 2
+2 3
cfi=(52) /build/glibc-OTsEL5/glibc-2.27/elf/dl-exception.c
cfn=(166) _dl_exception_create
calls=1 -45 
* 156
+1 1
+3 2
-3 1
+3 1
cfi=(53) /build/glibc-OTsEL5/glibc-2.27/setjmp/../sysdeps/x86_64/__longjmp.S
cfn=(168) __longjmp
calls=1 -92 
* 20

fn=(176)
76 5
+2 24
cfi=(36) /build/glibc-OTsEL5/glibc-2.27/elf/dl-misc.c
cfn=(180) _dl_dprintf
calls=1 270 
* 787
* 3
cfi=(56) /build/glibc-OTsEL5/glibc-2.27/posix/../sysdeps/unix/sysv/linux/_exit.c
cfn=(186) _Exit
calls=1 -51 
* 4
* 5
cfi=(19)
cfn=(178) __strerror_r
calls=1 +75 
* 9
* 4

fn=(104) _dl_catch_error
213 6
+2 2
-2 1
+2 2
cfn=(108)
calls=1 -40 
* 2142
* 1
+1 2
+1 1
+1 1
-1 1
+1 1
+2 5

fl=(6) /build/glibc-OTsEL5/glibc-2.27/elf/dl-lookup.c
fn=(10) _dl_setup_hash
939 9
+4 2
+4 4
+2 2
-1 2
+3 6
+1 2
+1 2
+3 2
-3 2
+7 2
-4 2
-1 2
+3 2
+2 2
-7 2
+7 2
+1 2
+3 3
+2 1
+2 1
+2 1
+1 1
+1 1
-4 1
+4 2

fl=(25) /build/glibc-OTsEL5/glibc-2.27/elf/dl-hwcaps.c
fn=(68) _dl_important_hwcaps
42 4
+1 1
-1 8
+1 4
-1 1
+1 1
cfi=(9) /build/glibc-OTsEL5/glibc-2.27/elf/dl-tunables.c
cfn=(26) __tunable_get_val
calls=1 373 
* 18
* 1
+3 3
-3 1
+12 6
+1 3
+1 1
-2 1
+2 1
-2 5
+1 3
+1 1
-2 1
+2 1
-2 5
+10 3
fi=(26) /build/glibc-OTsEL5/glibc-2.27/elf/../sysdeps/unix/sysv/linux/not-errno.h
-37 4
fe=(25)
131 4
-2 1
+17 6
+3 2
329 9
69 3
+77 1
+20 1
-19 1
+36 10
+1 3
-1 2
+1 3
fi=(27) /build/glibc-OTsEL5/glibc-2.27/elf/../sysdeps/x86/dl-hwcap.h
57 6
fe=(25)
186 1
+1 1
cfi=(13)
cfn=(28)
calls=1 79 
* 16
+1 1
-1 1
+1 3
-5 1
+5 1
-5 1
+5 2
-5 5
+8 3
+2 1
+1 6
+4 1
+4 1
-3 1
-1 1
+4 2
+3 4
+4 3
+1 1
-1 5
+1 3
+2 3
+2 2
-1 1
+1 1
-1 1
+2 2
+7 2
+6 11
+1 4
cfi=(19)
cfn=(46)
calls=1 50 
* 18
* 1
+1 1
-1 1
+1 3
+29 13
+3 4
+7 1
+10 12
-4 2
-3 1
+3 1
cfi=(20)
cfn=(74) mempcpy
calls=1 116 
* 16
* 2
-3 1
+3 1
cfi=(20)
cfn=(74)
calls=1 116 
* 16
* 6
+3 7
+1 12
+1 4
cfi=(20)
cfn=(74)
calls=1 116 
* 14
-2 1
+2 2
-2 1
+5 6
cfi=(20)
cfn=(74)
calls=2 116 
* 28
+2 2
-2 4
+2 5
-7 3
+12 1
+1 2
-1 9
+1 14
-1 18
+5 10
+4 3
-4 12
+4 33
+1 12
-1 12
+1 24
-2 12
+1 24
-1 39
+4 6
+5 1
-2 1
+2 1
-1 1
-1 2
+2 1
-1 1
+1 4
+2 6
+1 2
+3 2
-6 5
+13 8
+1 1
-1 2
+3 2
-3 3
+1 3
-1 6
+3 6
+3 3
+2 2
-15 2
-6 3
-42 2

fl=(11) /build/glibc-OTsEL5/glibc-2.27/elf/../sysdeps/unix/sysv/linux/dl-sysdep.c
fn=(62) _dl_discover_osversion
45 4
+2 3
+85 5
-45 3
cfi=(23)
cfn=(64)
calls=1 -9 
* 5
* 1
+15 1
-15 1
+20 1
-1 1
+3 12
+4 3
-2 6
+2 10
+2 1
+1 2
-3 4
+7 3
-1 3
+4 3
-2 3
+2 10
+5 2

fl=(49) /build/glibc-OTsEL5/glibc-2.27/io/../sysdeps/unix/sysv/linux/wordsize-64/xstat.c
fn=(152) _xstat
34 40
-1 40
+1 40
+1 240
+4 6
-4 136

fl=(1) ???
fn=(0) 0x0000000000001090
0 2
cfi=(2)
cfn=(2) _dl_start
calls=1 444 
0 38123

fl=(20)
fn=(48)
129 8
+2 8
+1 8
+1 5
+1 5
+5 2
+1 2
+1 2
+1 2
+5 2
267 3
+1 3
+1 1
+1 1
+1 1
+1 1
+1 1
+1 1
+1 1
+2 1
+22 2
+1 2
+1 2
+1 2
+1 2
+24 3
+1 3
+1 3
+1 3
+22 3
+1 3
+1 3
+1 3
+1 3
+1 3
+1 3
+1 3
+2 3

fn=(74)
116 93
+1 93
+1 93
+13 93
+1 93
+1 49
+1 49
+5 48
+1 48
+1 48
+1 48
+5 48
267 44
+1 44
+1 21
+1 21
+1 7
+1 7
+1 5
+4 5
+22 23
+1 23
+1 23
+1 23
+1 23
+3 14
+1 14
+1 14
+1 14
+1 14
+3 2
+1 2
+1 2
+1 2
+1 2
+10 1
+1 1
+1 1
+1 1
+22 1
+1 1
+1 1
+1 1
+1 1
+1 1
+1 1
+1 1
+2 1

fl=(29)
fn=(84)
24 5
+1 5
+1 5
+1 5
+1 5
+1 5
+1 5
+1 5
+1 5
+1 5
+1 5
+1 5
+1 5
+1 5
+1 5
+1 5
+1 5
+1 2
+4 2
+1 2
+1 2
+1 2
+2 2
+4 3
+1 3
+1 3
+1 3
+1 3
+1 3
+1 3
+1 3
+1 3
+1 3
+1 3
+1 3
+1 3
+1 3
+1 3
+1 3
+1 3
+1 3
+1 3
+1 3
+1 3
+1 3
+1 3
+1 3
+52 3
+4 3
+1 3
+1 3
+1 3
+2 3

fl=(19)
fn=(178)
153 7
+9 1
+1 1

fn=(80) strsep
265 4
+2 2
+1 4
+4 33
+7 84
-2 56
+13 1
+4 2
-7 14
-15 44

fn=(42) calloc
92 2
+8 2
-1 4
-3 2
+4 4
+3 2
cfn=(46)
calls=2 -53 
* 42
* 2

fn=(90) free
111 4

fn=(46)
50 47
+11 22
+3 11
-3 11
+3 22
-3 2
+3 1
-3 1
+3 50
+19 12
-1 12
+3 24
-29 1
-1 1
+1 1
+1 2
-2 2

fl=(24)
fn=(114)
2080 14
+8 2
-8 4
+8 2
+1 8
+3 31
+5 35
+2 15
cfi=(36)
cfn=(116) _dl_name_match_p
calls=5 282 
* 439
* 10
+4 10
+1 15
+3 2
+1 2
+1 2
-1 2
+1 2
cfi=(21)
cfn=(56)
calls=2 144 
* 48
* 4
2391 9
2125 6
+10 6
-53 2
+89 4
-2 2
+2 2
cfi=(29)
cfn=(84)
calls=2 24 
* 70
* 4
2322 5
cfn=(82) expand_dynamic_string_token
calls=1 320 
* 154
* 1
-2 1
+3 5
+4 9
cfn=(118) open_verify.constprop.7
calls=1 1598 
* 208
+3 2
-3 1
+3 3
+12 3
+46 1
+1 3
-1 1
+1 9
cfn=(126) _dl_map_object_from_fd
calls=1 808 
* 1347
* 3
2171 1
+4 2
cfi=(13)
cfn=(28)
calls=1 79 
* 34
* 1
+2 1
-2 1
+2 1
+7 4
+36 12
cfn=(150) open_path
calls=1 1932 
* 1347
+6 2
-6 1
+6 3
601 3
2314 2
+28 4
+2 3
+2 3
+32 2
2249 1
-14 1
+14 1
+2 3
+4 2
cfi=(50) /build/glibc-OTsEL5/glibc-2.27/elf/dl-cache.c
cfn=(154) _dl_load_cache_lookup
calls=1 187 
* 1225
+2 1
-2 1
+2 1
+50 3
+1 3
+1 3
+1 12
cfn=(150)
calls=1 1932 
* 5258
* 3
2209 7
601 3
2219 2
+1 2
-32 1
+1 2
-1 3
+8 7
-3 3
601 3
+9 3
2208 3
2384 5
cfi=(34)
cfn=(164)
calls=1 109 
* 194
* 1

fn=(118)
1598 451
+39 41
-39 123
+39 162
+31 164
cfi=(37) /build/glibc-OTsEL5/glibc-2.27/io/../sysdeps/unix/sysv/linux/wordsize-64/lxstat.c
cfn=(120) open
calls=41 39 
* 776
+2 41
-2 41
+2 42
+10 1
+1 2
+5 6
cfi=(39) /build/glibc-OTsEL5/glibc-2.27/io/../sysdeps/unix/sysv/linux/read.c
cfn=(124) read
calls=1 27 
* 5
+2 2
+2 1
+2 1
-2 1
+2 1
+6 2
+16 16
+74 2
+5 2
+2 4
+6 2
+11 2
+6 1
+1 1
+1 1
-2 3
+1 3
+21 47
+2 20
+13 3
+3 4
+1 1
+12 6
-3 6
1650 40
1918 369
-47 6
+3 1
-4 1
+4 2
-49 2

fn=(66) _dl_init_paths
623 1
+13 2
-13 8
+13 3
cfi=(25)
cfn=(68)
calls=1 42 
* 711
+5 1
-5 1
+5 1
cfi=(19)
cfn=(46)
calls=1 50 
* 18
* 1
+1 1
-2 1
+2 2
+8 1
-1 1
+1 4
-1 3
+4 4
cfi=(19)
cfn=(46)
calls=1 50 
* 18
* 1
+2 1
-2 2
+2 1
+7 1
+10 1
-11 1
+12 1
+3 1
+1 1
-5 1
+3 1
+1 1
-1 1
+9 1
-20 1
+17 1
+3 1
-3 17
cfi=(28)
cfn=(76)
calls=4 109 
* 48
+3 27
-12 3
-2 3
+10 3
-7 3
-1 3
+4 3
-1 3
+1 3
+1 3
+3 3
+1 3
-4 3
+4 3
+14 1
-11 1
+6 1
+1 1
+5 2
+2 4
+2 3
+38 5
-19 1
-2 2
+2 2
+21 3
cfi=(13)
cfn=(28)
calls=1 79 
* 16
* 8
cfi=(20)
cfn=(48)
calls=1 129 
* 10
* 1
+5 4
-1 2
+2 56
-1 57
+5 1
cfi=(19)
cfn=(46)
calls=1 50 
* 18
* 1
+1 1
-2 1
+2 1
+6 7
cfn=(78) fillin_rpath
calls=1 389 
* 584
+3 3
+6 1
+4 8
-37 2

fn=(78)
389 7
+2 1
-2 9
+4 3
cfi=(19)
cfn=(80)
calls=1 265 
* 238
* 3
cfi=(19)
cfn=(80)
calls=1 265 
* 6
* 6
+7 2
+2 3
cfn=(82)
calls=1 -82 
* 104
+4 1
-4 1
+4 1
+5 2
cfi=(13)
cfn=(28)
calls=1 79 
* 16
+1 2
+7 6
+9 17
+1 8
+57 2
cob=(2) ???
cfi=(18) ???
cfn=(88) 0x0000000004000f00
calls=1 0 
* 5
* 1
-39 2
+4 7
-1 1
cfi=(19)
cfn=(46)
calls=1 50 
* 18
* 1
+3 3
+5 1
+1 2
-2 2
+2 1
cfi=(20)
cfn=(74)
calls=1 116 
* 12
+3 1
-2 1
-1 1
+1 1
+2 1
+6 4
+1 17
+1 1
-1 3
+1 1
-1 14
+1 8
-1 1
+1 1
-1 3
+1 1
-1 2
+4 1
-1 1
+1 1
-1 1
+1 1
+8 1
-1 1
+4 3
-37 2
-28 1
+5 4
+66 1
+3 9
-15 2

fn=(82)
320 12
+10 4
-10 2
+10 2
cfi=(29)
cfn=(84)
calls=2 24 
* 70
* 4
+15 2
-11 2
+11 8
-11 2
cfi=(30) /build/glibc-OTsEL5/glibc-2.27/string/strdup.c
cfn=(86) strdup
calls=2 40 
* 150

fn=(126)
808 11
+10 1
-10 1
+10 1
-10 3
+10 1
cfi=(31)
cfn=(92)
calls=1 49 
* 8
fi=(40) /build/glibc-OTsEL5/glibc-2.27/elf/../sysdeps/posix/dl-fileid.h
37 3
fe=(24)
818 1
fi=(40)
37 1
cfi=(41) /build/glibc-OTsEL5/glibc-2.27/io/../sysdeps/unix/sysv/linux/wordsize-64/fxstat.c
cfn=(130) _fxstat
calls=1 -3 
* 10
* 2
+4 1
fe=(24)
834 1
fi=(40)
40 1
+1 1
fe=(24)
834 12
+1 4
fi=(40)
49 4
fe=(24)
1346 9
852 2
+24 4
+10 2
+22 4
+32 2
819 1
943 7
cfi=(17) /build/glibc-OTsEL5/glibc-2.27/elf/dl-object.c
cfn=(38) _dl_new_object
calls=1 59 
* 406
+1 1
-1 1
+1 1
+11 2
+5 1
-5 1
+1 1
+5 1
-5 1
+1 1
+2 1
-2 1
+2 2
+1 3
+20 1
-2 1
+10 1
-8 6
+8 1
-8 3
+8 1
+97 1
982 1
-6 1
1085 1
981 1
-5 2
1085 3
-96 13
-1 42
+1 40
+6 2
+5 2
+1 4
+11 10
+5 16
+9 6
-1 6
+1 2
+1 4
+2 2
-2 2
+1 2
-1 2
+3 2
+4 2
-7 2
+3 2
-1 2
+5 2
+1 4
+5 2
-1 1
-14 1
+14 1
+1 6
+10 1
-10 2
-1 1
-14 1
+14 1
+1 6
+10 1
+46 2
+1 2
+1 1
-6 2
+1 1
+8 4
956 1
1110 1
956 1
1110 1
+10 3
fi=(43) /build/glibc-OTsEL5/glibc-2.27/elf/./dl-map-segments.h
50 1
+6 1
fe=(24)
1120 4
fi=(43)
56 3
fe=(24)
1120 1
fi=(43)
50 1
fe=(24)
1120 2
fi=(43)
56 2
cfi=(42)
cfn=(132)
calls=1 -12 
* 37
+4 1
-4 1
+4 2
+3 2
+1 1
+2 1
-2 1
-1 1
+3 1
+14 2
fi=(45) /build/glibc-OTsEL5/glibc-2.27/elf/./dl-load.h
+10 4
+1 3
+2 4
fi=(43)
+11 8
+45 2
-59 10
+2 6
+2 8
cfi=(42)
cfn=(132)
calls=1 -50 
* 33
* 2
+16 1
+2 1
-2 1
+1 1
+2 1
-1 1
+1 1
-1 3
+8 2
+3 2
+8 7
cfi=(28)
cfn=(76)
calls=1 -22 
* 13
* 2
+6 2
-64 10
cfi=(44)
cfn=(136)
calls=1 +5 
* 5
* 2
fi=(45)
+21 5
+2 1
-1 3
+1 1
-1 1
+1 2
-1 2
+3 4
fe=(24)
1132 4
+9 2
fi=(3) /build/glibc-OTsEL5/glibc-2.27/elf/get-dynamic-info.h
42 1
fe=(24)
1141 1
fi=(3)
42 1
+6 1
-2 1
+2 2
+15 1
+5 1
+3 1
-1 1
-3 1
-3 10
+10 2
-26 6
+16 17
+10 17
-26 51
+26 1
-26 3
+2 40
+13 12
+2 4
+16 2
+20 3
+1 4
+1 4
+1 4
+2 4
+5 4
+1 3
+1 4
+6 3
+5 2
+7 2
+1 3
+18 3
+14 3
+10 1
-8 4
+8 1
+5 2
+3 2
fe=(24)
1148 2
+15 3
+19 2
+2 5
+54 3
+4 2
cfi=(46) /build/glibc-OTsEL5/glibc-2.27/io/../sysdeps/unix/sysv/linux/close.c
cfn=(142) close
calls=1 27 
* 5
* 2
+9 2
+2 3
+2 1
-2 1
+2 1
+16 2
cfi=(6)
cfn=(10)
calls=1 939 
* 23
+4 2
+1 2
+17 2
+1 1
+8 1
-5 3
+5 1
+10 2
+10 3
cfi=(17)
cfn=(50) _dl_add_to_namespace_list
calls=1 31 
* 39
+4 3
fi=(3)
68 4
+3 4
+1 1
+1 4
fe=(24)

fn=(150)
1932 16
+1 2
+6 2
-6 2
+6 2
+5 22
-7 2
-1 2
+8 14
+3 6
+9 8
-9 9
+9 12
+7 15
+1 5
-13 15
+12 5
cfi=(20)
cfn=(74)
calls=5 116 
* 62
* 5
+55 10
-22 30
-32 10
+32 120
-32 80
+3 80
+4 240
cfi=(20)
cfn=(74)
calls=40 116 
* 505
* 160
cfi=(20)
cfn=(74)
calls=40 116 
* 480
+3 80
+3 120
+3 360
cfn=(118)
calls=40 1598 
* 2200
* 40
+2 200
+2 80
+89 18
-24 35
+7 5
-2 5
+2 15
+3 6
-13 4
-57 80
+1 320
+6 80
+2 80
-2 80
+2 80
cfi=(49)
cfn=(152)
calls=40 34 
* 502
* 40
+3 40
-3 40
+1 6
+2 6
-2 6
+2 42
-37 12
+37 34
-37 68

fl=(53)
fn=(168)
29 1
+1 1
+1 1
+2 2
+1 2
+1 2
+10 1
+11 1
+1 1
+1 1
+1 1
+1 1
+2 1
+1 1
+1 1
+1 1
+2 1

fl=(36)
fn=(180)
270 7
+3 1
+1 3
-1 5
+1 1
cfn=(182) _dl_debug_vdprintf
calls=1 79 
* 768
+2 2

fn=(156) _dl_sysdep_read_whole_file
44 2
+3 1
-3 3
+3 1
-3 3
+3 1
cfi=(37)
cfn=(120)
calls=1 -8 
* 16
+1 2
+2 5
cfi=(41)
cfn=(130)
calls=1 -16 
* 10
* 2
+2 1
+3 1
-3 1
+3 1
+13 2
cfi=(46)
cfn=(142)
calls=1 -41 
* 5
+3 7
-14 6
cfi=(42)
cfn=(132)
calls=1 -13 
* 35
* 2

fn=(182)
79 1
+22 1
-22 3
+30 1
-30 4
+4 1
+18 1
-19 1
-3 2
+22 1
-15 1
-7 3
+7 3
+4 16
+26 49
+1 2
-1 6
+1 3
-1 23
+4 16
+1 56
+1 6
+2 16
+96 2
+6 8
86 24
fi=(55) /build/glibc-OTsEL5/glibc-2.27/elf/../sysdeps/unix/sysv/linux/dl-writev.h
-49 1
fe=(36)
239 1
fi=(55)
37 3
fe=(36)
240 8
135 21
+8 7
-8 7
-8 7
+1 7
+15 7
+7 7
-21 7
+21 7
+9 28
+8 14
+45 7
+6 14
-51 7
+35 72
+1 4
cfi=(13)
cfn=(28)
calls=4 79 
* 100
-1 21
+1 3
cfi=(13)
cfn=(28)
calls=3 79 
* 84
+1 35
-88 10
+87 14
-1 15

fn=(116)
282 25
+1 10
cfi=(21)
cfn=(56)
calls=5 144 
* 120
* 5
+1 5
-1 5
+3 5
+2 10
+6 5
+1 25
-3 7
-4 14
+1 21
cfi=(21)
cfn=(56)
calls=7 144 
* 168
* 14

fl=(41)
fn=(130)
34 2
-1 2
+1 2
+1 12
+4 2

fl=(9)
fn=(26)
373 36
+4 6
-4 22
+4 6
+22 30
+2 6

fn=(16) __GI___tunables_init
289 8
-9 3
150 4
-82 164
+6 53
-3 53
+3 4696
+4 106
+5 53
297 53
83 53
297 53
fi=(10) /build/glibc-OTsEL5/glibc-2.27/elf/dl-tunables.h
121 106
-1 45
+1 18
-1 11
+1 44
-1 55
fe=(9)
330 212
-12 5830
fi=(10)
120 1908
+1 2036
-1 168
fe=(9)
312 4717
68 106
364 8

fl=(37)
fn=(120)
39 42
fi=(38) /build/glibc-OTsEL5/glibc-2.27/io/../sysdeps/unix/sysv/linux/open64.c
-3 42
+3 252
+8 294
+2 2
-2 120
+2 40
fe=(37)

fl=(7) /build/glibc-OTsEL5/glibc-2.27/elf/../elf/dl-sysdep.c
fn=(12) _dl_sysdep_start
88 8
+25 1
-1 1
+1 169
+6 1
-3 1
+1 1
-4 1
+3 1
+3 4
+1 2
-1 12
-29 1
-1 10
+30 2
+1 108
+3 1
-4 74
+62 1
-62 1
+63 1
-1 1
-62 3
+34 1
-34 2
+35 1
-35 2
+46 1
-46 1
+47 1
-1 1
-46 3
+40 1
-40 1
+41 1
-1 1
-40 3
+37 1
-37 2
+38 1
-38 3
+13 1
-13 2
+14 1
-14 2
+10 1
-10 2
+11 1
-11 2
+7 1
-7 4
224 1
cfi=(9)
cfn=(16)
calls=1 +65 
* 20563
fi=(11)
35 2
cfi=(12) /build/glibc-OTsEL5/glibc-2.27/elf/../sysdeps/unix/sysv/linux/x86_64/brk.c
cfn=(22) brk
calls=1 -4 
* 11
fi=(8)
196 1
-12 1
+1 1
+11 1
+3 1
-3 1
+3 5
366 3
+1 1
+3 2
+1 1
+6 1
+5 2
-3 1
+3 1
-4 1
+4 1
cfi=(9)
cfn=(26)
calls=1 -9 
* 16
+2 4
cfi=(9)
cfn=(26)
calls=1 -11 
* 18
* 1
+2 3
-2 1
+2 1
cfi=(9)
cfn=(26)
calls=1 -13 
* 18
* 1
+2 3
-2 1
+2 1
cfi=(9)
cfn=(26)
calls=1 -15 
* 18
+12 1
-12 1
+11 1
-11 1
+12 1
fe=(7)
236 1
cfi=(13)
cfn=(28)
calls=1 79 
* 16
* 1
+2 2
cfi=(14)
cfn=(30)
calls=1 32 
* 17
* 3
+12 3
+3 5
cfi=(2)
cfn=(32) dl_main
calls=1 870 
* 15775
fi=(8)
404 3
+28 2
-9 3
+2 4
+3 4
+1 2
205 6
cfn=(24)
calls=1 34 
* 87
+3 3
+97 4
+7 4
203 1
312 4
210 5
+1 7
+85 3
-79 2
fe=(7)

fl=(39)
fn=(124)
27 4
+1 1

fl=(12)
fn=(22)
31 7
+8 1
-6 2
+7 1

fl=(2)
fn=(52) rtld_lock_default_lock_recursive
784 2
+1 2

fn=(112)
588 1
+2 1
-2 1
+3 2
-1 3
+1 3
cfi=(24)
cfn=(114)
calls=1 2080 
* 2077
* 1
+2 2

fn=(2)
444 9
+19 4
fi=(3)
48 1
fe=(2)
463 1
fi=(5) /build/glibc-OTsEL5/glibc-2.27/elf/../sysdeps/x86_64/dl-machine.h
59 3
fi=(3)
-11 1
fe=(2)
489 1
-3 1
fi=(3)
48 1
+25 2
-3 1
-7 1
+5 1
+3 1
+2 1
-6 1
+3 1
-3 2
-3 16
+10 4
-26 12
+16 13
+10 13
-26 39
+26 1
-26 3
+2 36
+13 20
+2 4
+16 2
+20 4
+1 4
+1 4
+1 4
+2 4
+5 4
+1 4
+1 4
+6 3
+5 2
+7 3
+1 3
+8 3
+3 3
+4 2
+1 2
fe=(2)
500 2
393 1
507 1
393 1
cfi=(6)
cfn=(10)
calls=1 939 
* 23
+1 2
+1 2
+1 2
+1 2
+8 1
+9 1
-9 3
+9 1
-6 1
-3 1
+9 1
cfi=(7)
cfn=(12)
calls=1 88 
* 37109
+91 27
fi=(4) /build/glibc-OTsEL5/glibc-2.27/elf/do-rel.h
84 1
+27 1
-28 1
+28 2
+1 2
fi=(5)
540 2
fi=(4)
112 76
fi=(5)
540 76
+1 39
fi=(4)
111 39
fi=(5)
541 39
fi=(4)
111 39
fi=(5)
541 39
fi=(4)
111 39
+5 2
+8 1
fi=(5)
335 1
+87 1
fi=(4)
124 2
+12 1
+3 1
-3 1
+3 1
-3 1
fi=(5)
301 1
fi=(4)
137 1
fi=(5)
301 1
fi=(4)
137 1
fi=(5)
301 1
fi=(4)
136 8
+3 8
-3 8
+3 8
-3 8
fi=(5)
301 8
fi=(4)
137 8
fi=(5)
301 8
fi=(4)
137 8
fi=(5)
301 8
+9 27
+3 9
-3 18
+3 27
+22 54
fi=(3)
68 4
fi=(4)
+56 28
fi=(5)
354 27
fi=(3)
71 4
+1 1
+1 2
fe=(2)

fn=(32)
870 1
+17 1
-17 10
+17 1
+4 1
-21 1
2471 1
891 1
+1 1
2466 1
892 1
+5 1
2471 1
897 1
2464 2
+7 3
-4 1
+4 3
+2 2
cfi=(15) /build/glibc-OTsEL5/glibc-2.27/elf/dl-environ.c
cfn=(34) _dl_next_ld_env_entry
calls=1 29 
* 60
* 4
cfi=(15)
cfn=(34)
calls=2 29 
* 292
* 9
+4 6
-2 2
+2 42
+1 19
-1 57
+3 4
+6 14
+76 3
+1 4
cfi=(16) /build/glibc-OTsEL5/glibc-2.27/string/../sysdeps/x86_64/memcmp.S
cfn=(36) bcmp
calls=1 24 
* 31
* 2
-56 2
+7 4
cfi=(16)
cfn=(36)
calls=1 24 
* 36
* 2
+2 3
2635 3
+32 3
907 3
1108 7
cfi=(17)
cfn=(38)
calls=1 59 
* 230
+2 1
-2 1
+2 1
+1 1
+1 1
+5 2
-5 1
+1 2
+4 1
cfi=(17)
cfn=(50)
calls=1 31 
* 33
+1 2
879 1
1147 1
-3 1
-5 1
+1 1
+2 1
+5 5
+56 2
876 1
1166 1
+22 1
+15 2
-55 24
-1 21
+1 29
1250 3
+3 2
+2 2
+2 3
+13 3
+3 2
-2 1
+2 1
-2 3
cfi=(21)
cfn=(56)
calls=1 144 
* 24
* 2
+7 1
+3 1
-5 1
+3 1
-3 1
+5 1
+1 2
+4 2
+2 2
fi=(3)
33 1
+9 2
+6 1
-2 1
+2 2
+15 1
+5 1
+3 1
+2 1
-3 1
-3 1
-3 1
-14 76
+13 12
+1 12
+10 3
-26 9
+16 35
+10 35
-26 105
+33 3
+38 3
+5 2
+7 2
+1 3
+18 3
+14 3
+18 2
fe=(2)
1293 2
cfi=(6)
cfn=(10)
calls=1 939 
* 14
+3 2
fi=(22) /build/glibc-OTsEL5/glibc-2.27/elf/setup-vdso.h
24 2
fe=(2)
1318 1
cfi=(11)
cfn=(62)
calls=1 45 
* 87
* 9
-6 5
1167 2
+9 1
-7 1
-3 1
+10 1
+18 2
-37 3
+1 1
-6 3
+1 1
+50 2
-1 2
+1 4
-1 2
+2 4
+1 1
+3 2
+1 2
-1 2
+1 2
+1 2
+1 6
+1 2
+27 2
+1 1
+83 2
cfi=(24)
cfn=(66)
calls=1 623 
* 1740
+3 3
cfi=(31)
cfn=(92)
calls=1 49 
* 17
+7 1
-7 1
+2 1
+5 1
+3 3
+1 1
+3 1
-3 3
+1 2
+3 1
+5 1
-7 1
+7 1
+1 5
+17 2
+1 2
+5 1
-3 3
+2 1
+1 2
+5 2
+1 5
-1 2
+3 2
+1 2
+5 2
+6 4
+1 1
-2 1
885 1
1391 1
1570 1
cfi=(32) /build/glibc-OTsEL5/glibc-2.27/elf/../elf/dl-tls.c
cfn=(94) _dl_count_modids
calls=1 113 
* 4
* 1
+8 3
+3 2
+4 3
+5 2
+1 1
cfi=(31)
cfn=(96)
calls=1 74 
* 1
+1 1
+4 2
+15 3
+4 1
-2 1
+2 2
+2 3
+1 1
-1 2
+1 1
cfn=(98) handle_ld_preload
calls=1 837 
* 2470
* 1
+1 4
+2 2
+10 3
cfi=(47) /build/glibc-OTsEL5/glibc-2.27/io/../sysdeps/unix/sysv/linux/access.c
cfn=(144) access
calls=1 27 
* 8
* 2
+77 1
-96 1
+96 3
+17 3
+1 1
-1 1
+1 2
-1 1
+1 5
cfi=(48)
cfn=(146)
calls=1 159 
* 9825
-14 5
+1 1
-1 3
+4 3
+1 1
+1 2
+1 2
2565 3

fn=(98)
837 8
+1 1
-1 1
-75 1
+86 1
-86 4
+80 2
+3 3
cfi=(33)
cfn=(100)
calls=1 30 
* 218
* 1
+1 3
+9 1
121 1
857 2
121 2
859 2
-97 5
-10 1
+4 1
+1 1
+1 1
+2 1
+2 1
cfi=(34)
cfn=(104)
calls=1 213 
* 2165
* 1
+1 3
+8 4
+71 2
+21 9
-15 4
cfi=(20)
cfn=(48)
calls=1 129 
* 18
+1 2

fn=(54) rtld_lock_default_unlock_recursive
790 2
+1 2

fl=(30)
fn=(86)
40 8
+1 2
cfi=(13)
cfn=(28)
calls=2 +38 
* 50
* 2
+1 4
cfi=(19)
cfn=(46)
calls=2 +8 
* 36
* 2
+2 4
+4 2
-1 4
+1 4
-1 4
cfi=(20)
cfn=(48)
calls=2 +82 
* 28

fl=(16)
fn=(36)
24 2
+1 2
+1 2
+1 2
+1 2
+1 2
+1 2
+1 2
+3 2
+1 2
+1 1
+1 1
+1 1
+1 1
+1 1
+1 1
+1 1
+2 2
+1 2
+1 1
+1 1
+1 1
+1 1
+1 1
+1 1
+1 1
+2 2
+1 2
+1 2
+1 2
+1 2
+1 2
+1 1
+1 1
+1 1
+2 1
+1 1
+1 1
+1 1
+1 1
+1 1
+29 2
+1 2
+15 2
+1 2

fl=(56)
fn=(186)
27 1
+4 1
+2 2

fl=(32)
fn=(94)
113 2
+1 2

fl=(15)
fn=(34)
29 3
+3 10
+13 51
-13 153
+2 106
+1 20
+5 2
-3 2
+3 2
+2 2
+7 1

fl=(52)
fn=(166)
72 9
+1 5
cfi=(13)
cfn=(28)
calls=1 +6 
* 34
* 1
+3 2
cfi=(13)
cfn=(28)
calls=1 +3 
* 34
* 1
+1 2
cfi=(19)
cfn=(46)
calls=1 -27 
* 18
* 1
+1 1
-1 1
+1 1
+3 4
cfi=(20)
cfn=(74)
calls=1 +35 
* 12
* 4
cfi=(20)
cfn=(48)
calls=1 +48 
* 10
* 1
-21 1
+24 1
-23 4
+5 1
+23 8

fl=(50)
fn=(160) _dl_cache_libcmp
141 22
+1 22
+2 212
+20 106
+2 190
+4 42
+1 42
-29 84
+25 33

fn=(154)
187 9
+8 2
+3 3
+45 1
+6 2
+11 1
-2 1
fi=(51) /build/glibc-OTsEL5/glibc-2.27/elf/../sysdeps/x86/dl-procinfo.h
39 1
fe=(50)
258 2
fi=(51)
39 3
+3 3
cfi=(21)
cfn=(56)
calls=1 144 
* 24
* 2
fe=(50)
264 4
cfi=(9)
cfn=(26)
calls=1 373 
* 18
* 1
fi=(26)
28 2
fe=(50)
264 1
fi=(26)
28 2
fe=(50)
266 2
fi=(26)
32 3
fe=(50)
270 2
+15 1
-15 1
+15 170
cfn=(160)
calls=11 141 
* 753
* 54
+31 1
-10 1
+10 7
201 4
cfi=(36)
cfn=(156)
calls=1 44 
* 107
+8 1
-8 1
+8 4
+1 7
+7 1
-3 1
+3 3
+3 1
+1 2
-1 1
+1 1
+1 8
fi=(51)
42 3
fe=(50)
297 3

fl=(54)
fn=(170)
28 8
+2 1
-2 1
+2 1
+92 8

fl=(46)
fn=(142)
27 8
+1 2

fl=(17)
fn=(38)
59 24
+1 2
-1 2
+1 4
cfi=(13)
cfn=(28)
calls=2 +19 
* 50
+6 2
-6 4
+6 2
+7 2
-7 2
-6 2
+6 6
+2 4
+5 6
cfi=(19)
cfn=(42)
calls=2 +19 
* 60
* 2
+3 2
-3 2
+3 2
+4 2
+5 2
-6 2
+6 2
-5 2
+5 2
-5 2
+4 2
+1 4
-1 2
+1 2
cfi=(20)
cfn=(48)
calls=2 +44 
* 31
+10 2
-10 2
+10 2
-10 2
+10 2
-8 2
+8 4
+1 2
-1 2
+1 6
+3 2
-3 2
+3 2
+9 2
-7 2
+4 2
+3 7
+2 2
-2 2
+2 30
-2 30
+18 4
-6 2
+1 2
+5 2
-6 2
+6 6
+2 1
+3 1
-3 2
+3 1
+4 3
+4 3
+8 1
+3 1
+3 2
-3 1
+3 1
-3 1
+3 2
-3 1
+3 1
+2 1
+21 1
-21 1
cfi=(13)
cfn=(28)
calls=1 -76 
* 34
+4 1
-4 2
+17 1
-13 3
+64 1
+4 18
100 5
+39 3
+70 3
cfi=(20)
cfn=(74)
calls=1 -93 
* 20
* 31
+6 30
-1 30
+1 31
-1 1
+1 3
+5 2
-96 1
+7 4
+32 2
cfi=(19)
cfn=(46)
calls=1 50 
* 18
* 1
+1 1
-1 2
+1 1

fn=(50)
31 4
+2 2
-2 6
+2 4
cfi=(2)
cfn=(52)
calls=2 784 
* 4
+2 14
+3 6
+2 1
+2 1
+4 1
+4 1
-4 2
+1 1
+4 2
-4 1
+1 1
+3 1
-3 1
+2 1
cfi=(2)
cfn=(54)
calls=1 790 
* 2
-4 1
+4 1
-4 2
+1 1
+4 2
-4 1
+1 1
+3 1
-3 1
+2 1
cfi=(2)
cfn=(54)
calls=1 790 
* 2
-5 2

fl=(47)
fn=(144)
27 7
+4 1

ob=(2)
fl=(18)
fn=(88)
0 1
cob=(1)
cfi=(19)
cfn=(90)
calls=1 111 
0 4

totals: 38125
